
//20 7F 00 00 00 08 77 0F 07 D0 00 05 01 0D
//20 7F 00 00 00 06 77 0F 07 D0 00 05
//20 95 00 00 00 11 77 10 07 D0 00 05 0A 00 01 01 01 00 00 00 00 00 00
//20 95 00 00 00 06 77 10 07 D0 00 05
//20 B1 00 00 00 06 77 05 07 D0 00 00
//20 B1 00 00 00 06 77 05 07 D0 00 00
//20 B6 00 00 00 06 77 05 07 D0 FF 00
//20 B6 00 00 00 06 77 05 07 D0 FF 00
//20 D2 00 00 00 06 77 06 07 D0 00 01
//20 D2 00 00 00 06 77 06 07 D0 00 01
//20 D3 00 00 00 06 77 06 07 D0 04 D3
//20 D3 00 00 00 06 77 06 07 D0 04 D3


//00 92 00 00 00 11 12 10 00 0A 00 05 0A 04 D2 10 E1 00 00 00 00 00 00



//00 01 02 03 04 05 06 07 08 09 10 11 12 13 14 15 16 17 18 19 20 21 22
//07 C7 00 00 00 06 12 05 00 0A FF 00
//00 01 02 03 04 05 06 07 08 09 10 11
//06 A4 00 00 00 08 12 0F 00 0A 00 05 01 1F
//00 01 02 03 04 05 06 07 08 09 10 11 12 13
//1C 3F 00 00 00 0D 77 03 0A 1B 5B 1B 58 1B 56 1B 54 1B 51
//00 01 02 03 04 05 06 07 08 09 10 11 12 13 14 15 16 17 18

//1C 3F 00 00 00 0D 77 03 0A 1B 5B 1B 58 1B 56 1B 54 1B 51
//00 01 02 03 04 05 06 07 08 09 10 11 12 13 14 15 16 17 18
//1F 9B 00 00 00 06 77 01 07 D0 00 05
//1F 9B 00 00 00 04 77 01 01 15
//1F B1 00 00 00 06 77 02 07 D0 00 05
//1F B1 00 00 00 04 77 02 01 0C
//00 01 02 03 04 05 06 07 08 09 10 11

014067-Tx:28 02 00 00 00 06 77 03 07 D0 00 0A
014068-Rx:28 02 00 00 00 17 77 03 14 04 D7 01 01 00 00 00 00 00 00 00 00 00 00 00 00 00 00 00 00
3344
0000
0006
0A03
1123
000C
Expected :33440000000617041123000C
Actual   :33440000000617051123FFF0
3344
0000
0006
1705
1123
FFF0
334400000009170F1123000C025505
3344
0000
0009
170F
1123
000C
02
5505

33440000001F17101123000C18073B073C073D073E073F0740074107420743074407450746
3344
0000
001F
1710
1123
000C
18
073B
073C
073D
073E
073F
0740
0741
0742
0743
0744
0745
0746

3366000000060A041152000C



00 01 02 03 04 05 06 07 08 09 10 11 12 13 14 15 16 17 18
CD 29 00 00 00 1B 77 10 07 D0 00 0A 14 A9 FA 01 01 00 00 00 00 00 00 00 00 00 00 00 00 00 00 00 00




Expected :334400000009170F1123000C5505
Actual   :334400000009170F1123000C025505




